COM Posn sigma 0.5
     C03R4J1  C2019 02 28.23445 09 04 47.23 +31 32 33.1          18.9 GVNEOCP703
     C03R4J1  C2019 02 28.23982 09 04 59.91 +31 32 08.5          19.2 GVNEOCP703
     C03R4J1  C2019 02 28.24518 09 05 12.41 +31 31 44.9          19.2 GVNEOCP703
     C03R4J1  C2019 02 28.25052 09 05 24.97 +31 31 20.1          19.1 GVNEOCP703
     C03R4J1  C2019 02 28.37623 09 10 29.71 +31 20 02.8          19.3 GVNEOCPI52
     C03R4J1  C2019 02 28.37641 09 10 30.19 +31 20 01.5          19.0 GVNEOCPI52
     C03R4J1  C2019 02 28.37660 09 10 30.64 +31 20 00.4          19.2 GVNEOCPI52
     C03R4J1  C2019 02 28.37678 09 10 31.09 +31 19 59.5          19.2 GVNEOCPI52
     C03R4J1 KC2019 02 28.79823109 31 12.18 +30 32 54.4          19.4 GVNEOCPC95
     C03R4J1 KC2019 02 28.80668009 31 36.72 +30 31 55.7          18.6 GVNEOCPC95
     C03R4J1 KC2019 02 28.81526209 32 01.77 +30 30 56.4          18.5 GVNEOCPC95
     C03R4J1 KC2019 02 28.82357309 32 25.76 +30 29 56.1          18.6 GVNEOCPC95
     C03R4J1 KC2019 02 28.82550109 32 27.68 +30 29 48.6          19.0 GVNEOCPL01
     C03R4J1 KC2019 02 28.82619209 32 29.69 +30 29 43.4          19.1 GVNEOCPL01
     C03R4J1 KC2019 02 28.82708209 32 32.25 +30 29 37.0          19.0 GVNEOCPL01
     C03R4J1 KC2019 02 28.82787309 32 34.53 +30 29 31.1          18.9 GVNEOCPL01
     C03R4J1 KC2019 02 28.82955609 32 39.40 +30 29 18.5          18.9 GVNEOCPL01
     C03R4J1 KC2019 02 28.83025009 32 41.41 +30 29 13.4          19.0 GVNEOCPL01
     C03R4J1 KC2019 02 28.83188009 32 49.94 +30 28 57.0          18.7 GVNEOCPC95
     C03R4J1 KC2019 02 28.85110 09 33 41.54 +30 27 34.5          18.7 VtNEOCPK96
     C03R4J1 KC2019 02 28.85477 09 33 52.12 +30 27 06.0          18.8 VtNEOCPK96
     C03R4J1 KC2019 02 28.85846 09 34 02.77 +30 26 37.5          18.7 VtNEOCPK96
     C03R4J1 KC2019 02 28.90511 09 36 15.84 +30 18 58.9          18.8 RoNEOCPK88
     C03R4J1 KC2019 02 28.90894 09 36 27.11 +30 18 25.8          18.4 RoNEOCPK88
     C03R4J1 KC2019 02 28.91278 09 36 38.41 +30 17 52.7          18.3 RoNEOCPK88
     C03R4J1 KC2019 03 01.02363 09 42 13.34 +30 00 52.5          18.6 GVNEOCP595
     C03R4J1 KC2019 03 01.02589 09 42 20.21 +30 00 29.9          18.8 GVNEOCP595
     C03R4J1 KC2019 03 01.02816 09 42 27.21 +30 00 05.7          18.1 GVNEOCP595
     C03R4J1 KC2019 03 01.11805 09 48 06.47 +29 46 56.5                oNEOCP711
     C03R4J1 KC2019 03 01.11967 09 48 11.57 +29 46 41.8                oNEOCP711
     C03R4J1 KC2019 03 01.12127 09 48 16.64 +29 46 26.9                oNEOCP711
     C03R4J1  C2019 03 01.15412 09 50 02.99 +29 40 42.6          18.1 GVNEOCPI52
     C03R4J1  C2019 03 01.15426 09 50 03.42 +29 40 41.0          18.4 GVNEOCPI52
     C03R4J1  C2019 03 01.15439 09 50 03.84 +29 40 39.8          18.5 GVNEOCPI52
     C03R4J1  C2019 03 01.15452 09 50 04.23 +29 40 38.1          18.5 GVNEOCPI52
